image_width: 640
image_height: 480
camera_name: stereo_left
camera_matrix:
  rows: 3
  cols: 3
  data:
    - 559.9770888063154
    - 0.0
    - 327.234812243517
    - 0.0
    - 559.9135583318832
    - 270.6278990294096
    - 0.0
    - 0.0
    - 1.0
distortion_model: equidistant
distortion_coefficients:
  rows: 1
  cols: 4
  data:
    - -0.1495665972285742
    - 0.4236874497938447
    - -1.9227232603247018
    - 2.930855271490874
rectification_matrix:
  rows: 3
  cols: 3
  data:
    - 0.9998909464349651
    - -0.014688112625040526
    - -0.00153446567369446
    - 0.014641638043747554
    - 0.9995322350319507
    - -0.02685020609658778
    - 0.00192812675555986
    - 0.026824810894906233
    - 0.9996382905069549
projection_matrix:
  rows: 3
  cols: 4
  data:
    - 466.4262512080351
    - 0.0
    - 302.6075525549667
    - 0.0
    - 0.0
    - 466.4262512080351
    - 261.9273823603319
    - 0.0
    - 0.0
    - 0.0
    - 1.0
    - 0.0
